1
10
100
1000
1001
1002
1003
1004
1005
1006
1007
1008
1009
1010
1011
1012
1013
1014
1015
1016
1017
1018
1019
1020
1021
1022
1025
1026
1027
1028
1029
103
1031
1032
1033
1034
1035
1036
1039
1040
1042
1043
1044
1045
1046
1049
105
1050
1051
1054
1058
1059
106
1060
1061
1062
1063
1064
1065
1066
1067
1068
1069
1070
1071
1072
1073
1074
1075
1076
1077
1078
1079
108
1080
1081
1082
1083
1084
1085
1086
1087
1088
1089
1090
1091
1092
1093
1094
1095
1096
1097
1098
1099
110
1100
1101
1102
1103
1104
1105
1106
1107
1108
1109
111
1110
1111
1112
1113
1114
1115
1116
1117
1118
1119
112
1120
1121
1122
1123
1124
1125
1126
1127
1128
1129
1130
1131
1132
1133
1134
1135
1136
1137
1138
1139
1140
1141
1142
1143
1144
1145
1146
1147
1148
1149
115
1150
1151
1152
1153
1154
1155
1156
1157
1158
1159
116
1160
1161
1162
1163
1164
1165
1166
1167
1168
1169
117
1170
1173
1174
1175
1176
1177
1178
1179
118
1182
1183
1184
1185
1186
1187
1188
1189
119
1191
1192
1193
1194
1195
1196
1197
1198
1199
12
120
1200
1201
1202
1203
1204
1206
1207
1208
1209
1210
1212
1213
1214
1215
1216
1217
1218
1219
122
1220
1221
1222
1223
1226
1227
1228
123
1230
1231
1232
1233
1234
1235
1236
1237
1238
1239
124
1240
1241
1242
1243
1244
1245
1247
1248
1249
1252
1257
1258
1259
126
1260
1261
1265
1267
1268
1269
127
1270
1275
1278
1279
128
1280
1284
1285
1288
1289
129
1291
1292
1294
1295
1297
1298
1299
13
130
1302
1303
1304
1305
1306
1307
131
1310
1311
1313
1315
1316
132
1320
1322
1323
1324
1325
1326
1327
1328
133
1330
1331
1332
1333
1337
1339
1340
1341
1344
1349
135
1350
1351
1352
1353
1356
1357
1359
136
1360
1361
1362
1363
1364
1365
1366
1367
1369
137
1370
1371
1373
1374
1376
1378
1379
1382
1383
1384
1385
1386
1387
1388
1389
1390
1391
1394
1395
1396
1397
1398
1399
14
1400
1401
1402
1403
1404
1405
1407
1408
1409
1410
1411
1412
1413
1414
1415
1416
1417
142
1421
1422
1423
1424
1426
1427
1428
1429
143
1431
1432
1433
1434
1435
1436
1437
1438
1439
144
1440
1441
1442
1443
1444
1445
1453
1454
1455
146
1460
1461
1467
147
1472
1473
1474
1475
1477
1478
148
1480
1481
1485
1486
1489
149
1490
1494
1496
1497
1498
1499
15
150
1503
1505
1508
151
1510
1511
1515
1518
1519
1520
1521
1526
1528
153
1530
1532
1534
1535
1536
1537
1539
154
1540
1542
1543
1545
155
1550
1552
1553
1554
1555
1556
1557
1558
156
1560
1561
1562
1564
1565
1566
157
1572
1575
1577
1579
158
1580
1581
1582
1583
1585
1586
1587
1588
159
1590
1591
1593
1595
1597
1598
1599
16
160
1600
1601
1602
1603
1604
1605
1606
161
1610
1611
1613
1615
1616
1618
1619
162
1620
1621
1622
1623
1625
1627
1628
1629
163
1631
1633
1635
1636
1637
1638
164
1640
1642
1643
1645
1646
1647
1648
1649
165
1652
1653
1654
1656
1657
1658
166
1664
1665
1666
1670
1672
1674
1675
1677
1678
1679
1680
1681
1684
1685
1687
1688
1689
169
1691
1693
1694
1695
1696
1697
1698
17
1701
1702
1703
1704
1705
1706
1708
1709
171
1711
1712
1713
1714
1715
1717
1718
172
1720
1721
1722
1724
1725
1728
173
1730
1732
1733
1735
1736
1738
1739
174
1740
1741
1744
1745
1746
1747
1748
175
1750
1757
176
1767
1768
1777
1779
1781
180
181
182
183
184
185
186
187
188
189
19
190
191
192
194
195
196
197
198
199
200
201
203
204
205
206
207
209
21
210
212
213
214
215
216
217
218
219
220
221
222
224
225
226
227
228
229
230
231
233
234
235
236
237
238
239
24
241
242
243
245
248
249
25
250
251
252
254
256
257
258
259
26
260
261
263
264
265
266
267
268
269
27
271
272
273
274
275
277
278
28
280
281
282
283
284
285
286
288
289
29
290
291
292
293
294
295
296
298
3
30
300
301
302
303
304
306
307
308
309
310
312
313
314
315
316
318
32
320
321
322
323
324
325
326
329
33
330
331
333
334
335
336
337
338
339
342
343
344
345
347
348
349
35
350
351
352
353
354
355
356
358
359
36
360
361
362
363
364
365
366
367
368
369
37
370
371
372
374
376
377
378
379
381
382
383
384
385
386
387
388
389
390
391
392
393
394
396
397
398
399
4
40
400
401
402
403
404
405
406
408
409
41
410
411
412
413
414
415
416
417
418
419
42
420
421
422
423
425
427
428
429
43
430
431
432
433
434
436
437
438
439
44
440
441
442
443
444
445
446
447
448
449
45
450
451
452
453
454
455
456
457
458
459
460
462
464
465
466
467
468
469
47
472
473
474
475
476
477
478
479
48
480
481
482
483
484
485
486
487
488
489
49
491
493
496
497
498
5
50
501
502
503
504
507
508
509
51
510
511
515
516
517
518
519
52
520
522
524
525
526
527
528
529
53
530
533
534
535
536
538
539
54
540
541
542
543
547
548
549
55
550
551
552
553
554
555
556
558
559
56
560
561
562
563
566
567
568
57
571
572
576
578
58
580
581
584
585
586
587
588
59
590
592
593
594
595
597
599
6
60
600
602
611
612
613
614
615
616
617
618
619
62
620
621
622
623
624
625
627
628
63
630
631
632
633
634
635
636
637
638
639
64
640
641
642
643
645
647
648
649
65
650
651
652
653
654
655
657
658
66
660
661
662
665
667
668
67
671
672
673
674
676
677
678
68
680
681
682
683
684
685
686
687
688
689
69
690
691
692
693
697
698
699
7
70
700
701
702
704
707
708
709
71
710
711
712
717
718
719
722
723
724
725
726
727
73
730
731
732
733
734
736
737
739
74
744
745
746
747
748
749
751
755
756
757
758
760
761
763
764
765
766
767
768
770
773
775
776
777
778
779
78
780
782
784
785
786
787
789
79
790
791
793
794
795
796
797
798
799
8
800
801
804
805
806
807
808
809
81
811
812
813
815
816
817
819
82
821
822
823
824
826
827
828
83
830
831
834
835
836
839
842
843
844
848
849
851
852
853
855
858
859
86
860
861
864
866
868
87
870
871
872
873
875
876
878
879
88
880
881
883
884
885
886
887
888
889
89
890
891
892
893
894
895
896
897
898
899
9
90
900
901
902
903
905
906
907
908
909
91
910
911
912
913
914
915
916
917
918
919
92
920
921
922
923
924
925
926
927
928
929
93
931
932
933
934
935
936
937
938
939
940
941
942
943
944
945
946
948
95
950
951
952
953
954
955
956
957
958
959
96
960
961
962
963
964
965
966
967
968
97
970
971
972
973
974
975
977
979
980
981
982
983
985
986
987
988
989
99
990
991
992
993
994
995
996
997
999
